0 207 39 929 1247 1830 2350 1873 3232 2700 141 1061 452 2986 1301 1587 2911 3759 1203 3594 3086 2041 1914 1511 461 3165 2883 1407 1618 3976 1304 996 108 2989 3418 1620 3712 1289 3351 913 2000 2759 3679 2574 2450 413 857 493 1696 3462 1612 3092 643 3089 831 2223 3025 3675 842 3625 3359 1413 1020 2226 2680 764 3039 551 500 2667 55 3467 3425 2084 3426 3550 2645 2189 390 2478 949 3524 2640 3891 1844 579 2468 2471 635 3002 1416 3637 702 250 1189 1351 1126 805 1311 965 3034
0 4417 3403 5753 4403 507 11842 10345 4309 4037 8065 502 6175 5459 5674 10297 3042 4951 6643 10070 3144 1125 3352 2742 1347 9794 3249 7965 8376 3888 7022 3354 204 4756 6570 7459 766 8855 1724 2036 7484 5695 9664 1511 9027 10831 7553 2878 9398 5499 5954 11582 8853 2424 6317 4853 2205 5973 3921 9043 10380 81 9888 7953 2093 9370 1901 3421 10206 7795 7517 7407 4913 8711 3104 50 7169 5873 408 11042 11008 5355 11116 4019 11599 4371 7562 11923 4768 4934 9239 2639 3777 8043 5879 10168 4181 1383 2683 5810 10301
0 95316 15341 78236 66511 92140 80753 25071 24134 79143 47388 57610 37733 81136 25438 15800 58190 40050 69226 20903 45188 17242 75654 77894 64378 26498 45846 57735 14411 14851 67440 22220 27855 11387 59353 59481 20409 14757 36182 54389 97748 87124 45516 69271 4221 23536 5475 88886 28909 62245 41699 6130 43895 102661 58664 27976 27711 24226 45567 45643 41586 33126 59549 46339 87866 60753 32254 33143 23388 11611 55853 68867 46975 33378 22355 66652 58689 34348 21024 88938 62000 56113 66696 83830 40420 21464 89131 63613 65258 16400 64029 68173 85679 53186 61947 27287 59633 67929 8832 52971 24674
95316 0 104957 17264 37068 3179 21451 90592 116387 77462 64403 85101 77696 35603 112793 106576 39016 60305 70732 104642 55103 96726 82885 39693 58826 90863 50916 58576 91964 104519 28579 110168 92706 92379 86559 35863 111509 110072 59883 50414 12764 8200 51924 44944 96811 116661 97907 20845 120592 43838 78827 91106 85098 10065 43621 104226 94992 74892 54696 72458 69600 88909 67106 79006 24936 48296 69984 80273 112948 100915 46880 89836 52015 86822 74880 60612 53755 68758 75092 6388 72716 39555 50187 66626 91621 89135 7413 46639 82230 79674 65766 69002 15155 47739 50390 108964 72016 61362 94068 70948 112360
15341 104957 0 87694 72865 101820 92361 39992 11461 76277 49323 72851 53059 86151 10137 1898 66404 45977 84478 7153 58481 10202 71558 91423 65705 41373 54139 72391 29398 512 78178 6901 42494 12579 53962 69705 6554 13715 48216 68002 105818 96871 53330 73349 18096 12035 9962 95940 15690 67591 57041 15518 39169 113025 64885 15427 19911 30224 58831 60888 42869 48142 59165 61678 94337 74547 36592 48483 8586 4350 69033 84039 53941 48536 36149 67419 61924 38386 30212 98672 77297 66936 69847 83191 33504 36596 99309 77369 80576 29956 79138 83386 96768 66160 76022 12725 57979 82861 23656 68215 9393
78236 17264 87694 0 22375 14143 16763 74977 99127 66569 48396 73731 63325 27458 95551 89317 21936 43229 62174 87409 39942 79485 71015 34535 45527 75377 33665 47248 75536 87257 13333 92913 77336 75117 72149 19036 94247 92985 43249 37181 21409 9296 34712 32359 79862 99412 80714 18846 103328 28899 65053 73918 69107 25976 27612 87149 77996 57633 39557 59169 53172 74096 52999 65939 21447 36918 52866 65366 95687 83660 33423 80137 34959 72040 58253 47822 38992 51711 57874 11053 62537 23115 37152 57531 75313 73199 12502 36088 72329 62801 56145 60271 14957 33468 39669 91803 57926 52756 77333 58972 95113
66511 37068 72865 22375 0 34467 37234 70451 84235 45265 27644 79094 63248 15746 79345 74657 11724 26950 72560 71146 40749 63549 49093 51382 23272 71252 21563 55137 67844 72494 24836 77092 73462 60677 49890 20810 79257 80723 37545 43307 33920 30586 21350 11234 69100 84894 67673 23169 87970 6770 66283 61189 48183 46903 7984 69364 59853 43047 40507 62005 33332 72050 30639 68648 21506 46396 36306 63676 80092 69277 39948 87795 19539 70211 50755 25749 16783 34622 45525 32011 70627 24550 15215 38048 54948 67653 34410 46951 80136 53466 65611 70581 37077 38165 49643 74602 35571 63904 68017 64415 79031
92140 3179 101820 14143 34467 0 19125 87496 113246 75713 61637 82496 74718 34055 109693 103434 35974 57274 68485 101548 52024 93626 80965 37742 56575 87779 47808 55917 88805 101381 25439 107056 89634 89241 84150 32684 108373 106896 56709 47510 13657 5021 48839 42753 93632 113512 94742 19889 117461 41232 75915 87940 82353 12435 40818 101201 91993 71776 51619 69594 66745 85892 64726 76178 23907 45589 66941 77241 109828 97770 43942 87471 48987 83806 71708 58460 51216 65738 71933 3210 70247 36383 47948 65172 88806 86011 4918 44022 79821 76495 63354 66725 13082 44726 47772 105907 69649 59074 90893 68240 109256
80753 21451 92361 16763 37234 19125 0 72156 103495 82377 60075 63786 57995 44219 101187 93784 32407 51859 49360 93336 37025 85405 86319 18982 60396 72232 41220 37423 75072 91883 15260 98278 73891 79970 85490 24021 98840 95323 44582 30501 32246 16053 42798 48052 81539 103447 84169 34278 107999 43064 58616 77451 80228 24094 40447 94483 85951 63667 36609 52008 63748 69480 67026 58346 37490 27354 60779 61079 100770 88097 27354 68392 44224 67389 58935 62967 52821 60120 62201 16980 51278 25685 52440 73967 85616 71252 14213 25445 60778 64452 44315 47603 6461 28987 29175 98456 71854 39954 78015 49879 100649
25071 90592 39992 74977 70451 87496 72156 0 46373 95251 60382 33162 16588 86176 49765 40036 59591 48762 47400 45962 35516 41762 93270 63790 76270 1465 49128 40382 10662 39536 62143 46659 3494 34875 79033 56336 43892 32930 33123 41988 96195 82618 49788 76751 21896 45091 30497 89792 50959 68372 19200 28374 64088 95964 63725 52930 51282 37768 35927 25079 56256 8174 74019 23293 89916 46944 45204 12072 47206 36615 44838 44145 52516 8903 20416 79096 68490 47132 31473 84354 39852 51965 75820 97017 62477 4069 83530 49692 41307 20831 43564 46745 78101 43246 46913 52313 75556 48432 16359 31868 48977
24134 116387 11461 99127 84235 113246 103495 46373 0 85019 60125 79521 61059 97316 8444 9813 77864 57388 92733 14418 68950 20921 79752 101818 76159 47615 65594 81851 36400 11881 89464 8383 48282 24015 61825 81049 4979 14043 59122 78319 117269 108290 64791 84398 25418 2084 19623 107339 4779 78864 64711 26125 47920 124394 76261 20951 28579 41685 69315 69266 53625 54482 69165 69194 105683 84761 47934 56328 5410 15496 79582 90340 65386 55244 46254 77688 72876 49680 41498 110093 85356 78186 80726 92817 41372 43564 110690 87611 87658 40125 87846 91792 108017 76797 86037 15468 67533 91917 30869 76563 8035
79143 77462 76277 66569 45265 75713 82377 95251 85019 0 35261 115084 95174 41946 77208 78105 53441 48303 113382 70786 77911 66371 7467 96253 23258 96515 53943 95466 88017 76178 69829 76637 98735 68554 24027 64080 80763 88972 69213 83890 68841 73152 52233 34333 83151 86597 76998 57304 86722 40262 99251 73055 37177 87437 44306 64372 56609 57701 77846 97257 39016 100138 21522 102926 53321 88567 50047 93577 79662 74805 81271 125434 48943 98870 75584 20215 32369 48136 63813 74129 109784 66517 30103 13134 43746 91404 77236 89779 118388 74467 106193 111460 81525 78695 91786 70299 19774 105738 85193 101844 77348
47388 64403 49323 48396 27644 61637 60075 60382 60125 35261 0 80290 60000 37871 54072 51212 27684 13413 80464 46103 44505 39262 34651 68984 16990 61594 21717 62783 53964 49048 45074 52277 63840 38532 26523 36952 55233 59746 34593 51948 61386 57358 19812 24610 50976 61152 46700 50092 63272 21062 64143 41326 20729 74008 20839 42920 33357 23758 44520 62549 6510 64949 13758 67954 47605 57597 15603 58318 55402 46484 50058 90938 17066 63642 40419 19346 12931 13521 29286 58938 76074 37530 20614 36985 27306 56646 60882 59396 84172 39812 73310 78623 61804 47090 60615 48537 16345 73738 51943 67643 53888
57610 85101 72851 73731 79094 82496 63786 33162 79521 115084 80290 0 21602 93925 82777 73032 67413 66930 19478 78397 38533 73227 114937 48180 93011 31906 61850 26640 43509 72377 60723 79627 31368 65990 103791 59360 77023 65925 45871 36933 94405 78466 63352 88549 54853 78201 63084 91944 84078 79881 17126 59713 90332 87097 74870 84732 81451 62630 38729 17838 78324 25041 93722 12646 93518 37043 67831 25263 80313 69214 40686 11475 66656 24364 43279 96132 83988 69209 56343 79851 13483 55010 89588 113369 90618 36276 77713 38474 8716 47707 20557 20041 70237 41547 34724 84829 96621 26069 49246 14910 81994
37733 77696 53059 63325 63248 74718 57995 16588 61059 95174 60000 21602 0 78819 63170 53509 51644 46891 31676 58013 23611 52284 94480 47803 73939 16016 43613 23984 24786 52563 50043 59949 17001 44999 82563 45891 57921 48372 26729 27508 84730 70047 44829 71417 35676 60022 43109 79850 65785 62704 4476 38939 68838 82072 57735 63842 60042 41124 23964 8532 57452 11590 73664 9098 80622 31496 46702 4778 61040 49128 30866 33034 48016 9531 21690 76994 65238 48209 34783 71692 24317 41326 71625 94667 69016 17970 70404 34092 28095 26204 27197 30788 64220 30037 31008 64455 76197 31899 30192 15609 62407
81136 35603 86151 27458 15746 34055 44219 86176 97316 41946 37871 93925 78819 0 91729 87998 27176 41101 85884 83643 55958 76409 47695 61303 26036 86988 37158 69044 83316 85819 35880 89753 89202 74383 54008 34664 92356 94996 53290 57443 27283 32106 36765 13334 83964 98159 81834 15460 100743 18892 81728 75571 56581 45521 22801 80791 71225 57165 55688 77183 44280 87777 35012 83901 11654 59600 49748 79369 92840 82843 53865 102117 34568 85926 66370 26915 24974 47842 60347 32821 84686 38923 18144 31125 63975 83335 36171 59671 94362 68820 79178 83912 41749 52503 62757 86379 39561 76840 83221 79099 91499
25438 112793 10137 95551 79345 109693 101187 49765 8444 77208 54072 82777 63170 91729 0 9746 73897 52888 94614 8211 68131 16068 71745 101055 69559 51114 61887 82427 39270 10642 86698 3241 52104 21348 53770 78070 6621 19947 57523 77722 112851 104806 60884 78609 27926 10426 20096 102514 9569 73641 67121 25409 40308 121181 71435 12850 21340 37966 68469 71024 47572 57937 62175 71743 100615 84312 43216 58573 3420 14305 78597 93894 61093 58424 46072 70893 66969 44764 39050 106590 87424 75585 74658 85456 33464 46502 107438 87113 90591 39888 89268 93523 105339 75662 85878 7095 60223 92959 33531 78351 791
15800 106576 1898 89317 74657 103434 93784 40036 9813 78105 51212 73032 53509 87998 9746 0 68091 47749 85026 8414 59630 12097 73342 92561 67602 41393 55802 73239 29525 2179 79682 6629 42424 14215 55705 71247 5065 12319 49526 69105 107544 98477 55021 75215 18181 10241 10622 97715 14216 69417 57420 16641 40976 114587 66674 16677 21665 31931 59986 61443 44761 48206 61057 62030 96136 75620 38403 48886 7627 5698 70216 84156 55680 48680 37150 69316 63800 40212 31709 100281 77793 68418 71729 85072 35218 36756 100880 78452 80854 30965 79794 83969 98251 67373 77033 13391 59852 83608 23786 68771 8963
58190 39016 66404 21936 11724 35974 32407 59591 77864 53441 27684 67413 51644 27176 73897 68091 0 21302 61548 65717 29026 57838 56087 43147 30264 60310 12393 43893 57851 65986 17616 71347 62483 53883 53266 10645 72932 72780 26477 32021 39629 31226 13074 21620 60337 78281 60070 30947 81929 13511 54603 53354 48050 47901 9140 65230 56060 36186 28787 50282 31729 60730 35465 56926 30517 35702 30969 52250 74193 62501 28846 76262 13023 58847 40480 33237 21567 29777 37280 32962 59238 13458 23974 48059 53844 57019 34289 36605 68652 43905 54498 59576 34266 26805 38962 69951 40111 53183 58623 52786 73487
40050 60305 45977 43229 26950 57274 51859 48762 57388 48303 13413 66930 46891 41101 52888 47749 21302 0 67260 44681 31331 36905 48045 58049 27590 49866 10711 49716 43688 45595 36609 50471 52137 33729 38948 27851 52414 53949 21180 39270 59989 52523 9062 29400 42993 57991 40826 49965 61240 22212 50948 34478 29411 69171 18970 43928 34788 16141 31375 49162 13291 52586 26830 54658 48455 45246 9712 45503 53406 42335 37748 77532 8291 51142 28387 30509 19821 8492 19506 54263 62716 27119 27478 48415 33958 45271 55508 47271 70760 29057 60137 65444 54754 34660 48132 48701 29754 60824 42734 54235 52519
69226 70732 84478 62174 72560 68485 49360 47400 92733 113382 80464 19478 31676 85884 94614 85026 61548 67260 0 89029 35959 82725 114502 31565 90324 46464 59575 17918 56436 83975 50378 91379 46664 75480 106026 51768 89529 79964 46711 29653 81366 65090 61368 83150 67336 91697 74517 80994 97462 74945 28256 69816 94303 71169 70160 94220 89215 67636 35946 23590 80058 40139 92890 24168 83247 26296 70848 36426 92600 80429 32702 19517 64594 38727 50274 93456 81122 71736 62107 66222 7571 48130 85292 109476 96123 49466 63573 26344 12717 55960 7193 1979 55579 34903 23127 95426 96544 9467 61867 16264 93862
20903 104642 7153 87409 71146 101548 93336 45962 14418 70786 46103 78397 58013 83643 8211 8414 65717 44681 89029 0 60993 7961 65721 93821 61873 47381 53753 76009 35300 7398 78734 6198 48664 14075 47911 70064 9977 20729 50074 70649 104639 96674 52721 70571 24265 15848 15466 94315 17172 65476 62160 19215 33623 113088 63231 8286 14209 29895 61315 65507 39593 54029 54765 66848 92439 77289 35005 53590 9344 9384 71327 89709 52893 54254 39525 63336 58960 36556 31395 98454 82021 67687 66713 78405 27373 42360 99344 80054 85872 33434 83378 87833 97378 68332 79006 6446 53120 86791 29636 72797 7888
45188 55103 58481 39942 40749 52024 37025 35516 68950 77911 44505 38533 23611 55958 68131 59630 29026 31331 35959 60993 0 53501 78677 32943 55185 35761 23980 18425 38101 57976 26812 64994 37611 46945 70210 22305 64656 59291 11815 9690 61336 47187 25679 50017 45347 68586 49327 56244 73649 41356 25962 42993 59209 60552 36350 64191 57354 34305 416 21259 44291 34155 57084 27944 57087 16366 35796 25424 67067 54132 10665 47968 28969 32101 22839 58329 46022 36398 30177 48904 31874 17738 51179 75151 61938 34307 48014 19080 40642 28855 28814 34125 42751 8167 18452 66895 60624 29681 41362 24250 67488
17242 96726 10202 79485 63549 93626 85405 41762 20921 66371 39262 73227 52284 76409 16068 12097 57838 36905 82725 7961 53501 0 61897 86213 55532 43220 45822 69042 31260 10002 70778 13567 44768 7289 44576 62103 15988 22709 42385 63183 96894 88742 44817 63477 21276 21890 12628 86703 24429 58033 56576 13548 29449 105138 55601 11560 10966 21936 53811 59378 32780 49566 48969 61285 84928 69847 27285 48077 16543 8550 63719 84652 45071 49528 32676 57222 51966 28928 23620 90525 75902 59745 59840 73031 24470 37906 91394 72581 80348 26779 76830 81441 89421 60689 71673 13400 47854 79998 25962 66589 15650
75654 82885 71558 71015 49093 80965 86319 93270 79752 7467 34651 114937 94480 47695 71745 73342 56087 48045 114502 65721 78677 61897 0 99215 26030 94586 54947 96645 85443 71499 73084 71400 96763 64730 17995 66693 75678 84603 69215 85322 74873 78104 53138 38674 79759 81414 73089 63151 81175 43470 98687 69655 32449 92922 46999 58900 51691 55503 78651 97199 37261 98634 21612 102569 59257 90382 48321 92534 74357 70422 82951 125575 49936 97493 74150 23353 34547 46566 61831 79190 110470 68706 33929 20464 38389 89331 82161 91799 118750 72442 107313 112615 85941 80218 93550 64739 18317 107247 82221 102202 71938
77894 39693 91423 34535 51382 37742 18982 63790 101818 96253 68984 48180 47803 61303 101055 92561 43147 58049 31565 93821 32943 86213 99215 0 73285 63501 47669 24143 69172 90918 26547 97928 64733 79815 95435 32627 97578 91616 43858 23508 51135 35024 49537 62614 77690 101389 82204 52932 106536 55996 47099 75928 87460 39604 52216 96580 89118 65914 32597 40221 71146 59277 78504 45537 55896 17265 65367 51829 100010 87074 22497 51026 51961 57274 55579 76169 64714 65316 62654 35868 34895 31454 66235 89353 91627 63920 32849 14398 43754 61693 27724 29997 24661 25536 16876 99609 83026 22581 73234 36005 100418
64378 58826 65705 45527 23272 56575 60396 76270 76159 23258 16990 93011 73939 26036 69559 67602 30264 27590 90324 61873 55185 55532 26030 73285 0 77403 31258 72410 70519 65465 47063 68070 79671 55366 28129 40908 71362 76595 47383 60749 52711 53216 29677 13918 67949 77326 63614 40780 78980 17441 77794 58314 31469 68874 21126 57623 48307 40613 55090 75189 23061 80157 8994 81170 37395 65323 32418 72898 71216 63111 58058 103030 26367 78680 55951 3144 9205 30308 45814 54470 86984 43261 8640 20836 39055 72691 57188 66522 95812 56108 83146 88389 60331 55533 68549 63499 13565 82545 68772 79334 69463
26498 90863 41373 75377 71252 87779 72232 1465 47615 96515 61594 31906 16016 86988 51114 41393 60310 49866 46464 47381 35761 43220 94586 63501 77403 0 49999 39937 12087 40920 62471 48019 2273 36339 80421 56823 45202 34090 33833 41956 96640 82921 50701 77700 23277 46305 31916 90385 52179 69283 18355 29838 65500 96102 64603 54376 52747 39092 36169 24432 57534 6870 75251 22313 90569 46762 46471 11677 48528 38027 44887 42825 53469 7798 21487 80245 69559 48385 32769 84649 38903 52420 76842 98169 63924 5510 83764 49483 40118 22144 42790 45855 78226 43388 46630 53724 76835 47735 17762 31088 50325
45846 50916 54139 33665 21563 47808 41220 49128 65594 53943 21717 61850 43613 37158 61887 55802 12393 10711 59575 53753 23980 45822 54947 47669 31258 49999 0 41700 46291 53714 26000 59253 52238 41587 48208 17200 60682 60402 16946 30462 52022 42921 1906 27974 48097 65967 47678 43093 69725 19371 47173 40962 39914 59375 14606 53832 44965 23983 23906 44075 23494 51342 33340 50249 42312 35917 19670 43312 62044 50186 28383 71773 5019 49616 29214 34398 22155 18905 24897 44704 55844 16466 28032 51526 44663 46196 45639 37680 64566 31997 52383 57679 44339 25474 38974 58270 37183 52369 46642 48076 61448
57735 58576 72391 47248 55137 55917 37423 40382 81851 95466 62783 26640 23984 69044 82427 73239 43893 49716 17918 76009 18425 69042 96645 24143 72410 39937 41700 0 47040 71879 34484 79201 40984 62023 88627 34498 78067 70351 29807 11872 67772 51832 43509 65511 56739 81128 62625 65700 86629 57193 22969 57047 77507 61159 52358 80251 74264 51750 18355 16100 62717 35281 75035 21533 67521 10406 54036 28311 80858 68129 15220 33212 46715 33321 36484 75543 63207 54737 46816 53233 15653 30591 67485 91668 79913 41056 51172 11979 25403 42606 10736 15996 43883 17106 8260 82227 78759 11387 51745 12477 81720
14411 91964 29398 75536 67844 88805 75072 10662 36400 88017 53964 43509 24786 83316 39270 29525 57851 43688 56436 35300 38101 31260 85443 69172 70519 12087 46291 47040 0 28935 63412 36129 13513 24554 70348 56515 33576 23613 32320 46166 96231 83817 46556 72773 11344 35286 19836 88714 41089 64822 28316 18083 55109 98251 60529 42317 41096 30396 38514 33169 49130 18761 67242 32797 88351 51936 38391 20017 36829 25958 48407 54647 48844 19156 17445 73161 63456 40450 24714 85606 49006 52487 71164 90942 52846 7240 85223 54790 51412 14655 51873 55574 80622 46246 52512 41656 68243 56292 5744 40382 38486
14851 104519 512 87257 72494 101381 91883 39536 11881 76178 49048 72377 52563 85819 10642 2179 65986 45595 83975 7398 57976 10002 71499 90918 65465 40920 53714 71879 28935 0 77714 7404 42053 12140 53934 69248 7002 13612 47723 67494 105416 96430 52914 73037 17643 12400 9461 95560 16151 67242 56550 15009 39092 112573 64512 15645 19885 29812 58326 60385 42603 47683 58971 61189 93970 74039 36232 47990 9093 3846 68530 83573 53543 48068 35637 67196 61626 38037 29744 98232 76797 66467 69557 83023 33500 36128 98859 76860 80093 29445 78631 82881 96300 65659 75511 13100 57824 82351 23195 67712 9900
67440 28579 78178 13333 24836 25439 15260 62143 89464 69829 45074 60723 50043 35880 86698 79682 17616 36609 50378 78734 26812 70778 73084 26547 47063 62471 26000 34484 63412 77714 0 83869 64374 65667 70878 8821 84708 82166 31521 23950 34702 20500 27550 36068 68658 89549 70441 31241 93865 29650 51722 63653 65045 35228 26272 79524 70858 48899 26417 45853 48542 60923 52931 52633 33066 24381 45619 52208 86466 73984 20177 67633 28980 58855 46445 49861 38841 44905 47974 22261 50010 11335 39752 62835 70362 60584 21853 24035 59811 51468 43955 48426 18644 20135 27367 83666 57645 41154 65670 45882 86191
22220 110168 6901 92913 77092 107056 98278 46659 8383 76637 52277 79627 59949 89753 3241 6629 71347 50471 91379 6198 64994 13567 71400 97928 68070 48019 59253 79201 36129 7404 83869 0 49051 18338 53494 75280 4725 17659 54469 74569 110460 102150 58302 76713 24788 10024 16862 100252 11000 71506 63913 22201 39539 118467 69152 12758 20226 35282 65335 67789 45767 54827 60924 68541 98439 81149 40849 55361 3147 11073 75484 90770 58624 55284 42866 69521 65118 42471 36093 103939 84195 72715 72890 84481 33012 43353 104727 83956 87409 36680 86028 90285 102503 72564 82693 7862 59202 89722 30386 75116 2520
27855 92706 42494 77336 73462 89634 73891 3494 48282 98735 63840 31368 17001 89202 52104 42424 62483 52137 46664 48664 37611 44768 96763 64733 79671 2273 52238 40984 13513 42053 64374 49051 0 37988 82500 58853 46071 34572 36010 43521 98629 84796 52951 79958 24440 46899 33212 92481 52780 71532 18855 31491 67527 97816 66843 55811 54466 41262 38016 25228 59743 6551 77489 22509 92703 48146 48688 12978 49429 39286 46537 42057 55729 8012 23759 82511 71832 50610 34964 86515 39093 54428 79112 100434 65822 7505 85576 50831 39746 24325 43304 46148 79931 45133 47887 54959 79044 48377 19041 31625 51314
11387 92379 12579 75117 60677 89241 79970 34875 24015 68554 38532 65990 44999 74383 21348 14215 53883 33729 75480 14075 46945 7289 64730 79815 55366 36339 41587 62023 24554 12140 65667 18338 37988 0 48124 57155 19133 21229 36181 56590 93371 84292 40817 61852 15607 24402 8462 83657 28250 55646 49298 6501 32676 100457 52695 18849 16573 17756 47272 52103 32306 42541 49721 54007 82181 63223 24635 40812 20810 8636 57330 77428 41546 42422 25568 57384 50682 26561 17770 86093 68630 54458 58693 74039 29034 30944 86736 65994 73069 19579 69641 74213 84278 54364 64931 20204 49324 72897 19583 59325 20761
59353 86559 53962 72149 49890 84150 85490 79033 61825 24027 26523 103791 82563 54008 53770 55705 53266 38948 106026 47911 70210 44576 17995 95435 28129 80421 48208 88627 70348 53934 70878 53494 82500 48124 0 63137 57835 67244 59407 78171 80840 80457 46301 41954 63542 63517 56284 68907 63185 43254 86951 53552 15459 96548 45094 40934 34051 41792 70273 86502 25971 85148 19468 91179 65486 83989 35965 79980 56422 53125 76453 114882 43586 84249 61251 27126 33158 34680 48277 81838 101111 63993 36646 34672 20538 74995 84300 85858 108589 58499 98953 104246 86461 73435 86955 46752 14606 99770 66565 92278 53976
59481 35863 69705 19036 20810 32684 24021 56336 81049 64080 36952 59360 45891 34664 78070 71247 10645 27851 51768 70064 22305 62103 66693 32627 40908 56823 17200 34498 56515 69248 8821 75280 58853 57155 63137 0 76249 74237 24215 22793 39905 27663 18791 31649 60951 81201 62229 33970 85394 24003 48219 55425 56560 43363 19785 70728 62039 40189 21969 43066 40035 56088 45878 49869 34799 25588 36799 47370 77921 65554 19279 67466 20418 54079 39218 43880 32150 36103 39562 29477 50095 4567 34461 58383 61699 54370 29709 26233 59727 43833 44860 49789 27367 17849 28837 74920 50422 43101 58315 44489 77577
20409 111509 6554 94247 79257 108373 98840 43892 4979 80763 55233 77023 57921 92356 6621 5065 72932 52414 89529 9977 64656 15988 75678 97578 71362 45202 60682 78067 33576 7002 84708 4725 46071 19133 57835 76249 0 13326 54590 74109 112311 103425 59858 79459 22306 5974 15475 102362 9163 73890 61731 21681 43596 119575 71282 17358 24171 36747 65014 65974 48740 52060 64493 66294 100704 80607 42955 53246 3421 10743 75253 88027 60424 52663 42112 72943 67955 44702 36735 105226 82235 73453 75822 88275 37306 40811 105860 83444 84988 35937 84425 88516 103287 72420 81984 12578 62994 88335 27893 73296 5887
14757 110072 13715 92985 80723 106896 95323 32930 14043 88972 59746 65925 48372 94996 19947 12319 72780 53949 79964 20729 59291 22709 84603 91616 76595 34090 60402 70351 23613 13612 82166 17659 34572 21229 67244 74237 13326 0 50815 68200 112385 101880 59977 82745 13952 12440 13186 103330 18298 76134 51742 19539 52156 117392 72803 28995 33295 37834 59683 56781 53534 40914 70808 56084 102172 74369 45431 43596 16660 14185 69931 76579 61245 41833 36537 78596 71753 47445 35506 103695 72487 70844 79779 95084 46942 30501 103878 77241 74206 30871 75485 79147 100341 67391 75291 25316 70135 79868 18606 63978 19207
36182 59883 48216 43249 37545 56709 44582 33123 59122 69213 34593 45871 26729 53290 57523 49526 26477 21180 46711 50074 11815 42385 69215 43858 47383 33833 16946 29807 32320 47723 31521 54469 36010 36181 59407 24215 54590 50815 0 21321 63934 51698 18103 44891 37173 58975 39651 56824 63712 36232 30439 33001 47725 66711 31343 52759 45647 22520 12031 28051 33449 34565 47874 33809 56818 27970 24242 26391 56751 43890 21398 56363 21291 32779 15013 50473 38561 25035 18797 53501 41729 20329 44908 68019 50189 30674 53361 30565 49591 19987 39729 44979 49527 18322 30228 55772 50932 41180 34187 33085 56921
54389 50414 68002 37181 43307 47510 30501 41988 78319 83890 51948 36933 27508 57443 77722 69105 32021 39270 29653 70649 9690 63183 85322 23508 60749 41956 30462 11872 46166 67494 23950 74569 43521 56590 78171 22793 74109 68200 21321 0 58327 43000 32325 53639 54256 77882 58711 55068 83043 45334 28413 52489 67965 54566 40518 73877 66960 43835 9398 22137 52503 38979 63747 28832 56585 6679 44766 30627 76587 63655 3775 44675 35434 36888 32072 63872 51558 45170 39858 44573 27333 18758 55649 79834 71092 41494 43059 9405 36934 38198 22530 27697 36712 5251 9016 76575 67644 21925 49940 22031 77070
97748 12764 105818 21409 33920 13657 32246 96195 117269 68841 61386 94405 84730 27283 112851 107544 39629 59989 81366 104639 61336 96894 74873 51135 52711 96640 52022 67772 96231 105416 34702 110460 98629 93371 80840 39905 112311 112385 63934 58327 0 16281 52605 38974 99736 117767 99698 11944 121208 40330 86404 92982 81579 20546 41582 103216 93733 75619 60954 80419 67232 95490 61505 87153 15638 57366 69636 86757 113390 102005 54604 100052 51888 93437 78819 53958 49418 68114 76901 15273 82620 44231 44258 57111 88594 94275 18387 56128 92318 82950 75899 79552 26573 54822 59839 108360 66257 71908 97636 79826 112495
87124 8200 96871 9296 30586 5021 16053 82618 108290 73152 57358 78466 70047 32106 104806 98477 31226 52523 65090 96674 47187 88742 78104 35024 53216 82921 42921 51832 83817 96430 20500 102150 84796 84292 80457 27663 103425 101880 51698 43000 16281 0 43995 39569 88611 108542 89745 19377 112522 37301 71361 82941 78087 16733 36520 96444 87285 66867 46785 65128 62300 81149 61118 71767 23100 41447 62161 72475 104906 92809 39375 83839 44249 79068 66700 55268 47368 61003 66947 1815 66467 31375 44648 63139 84414 81084 4091 40050 76128 71475 59686 63282 10943 40018 43785 101093 66053 55634 85879 64048 104362
45516 51924 53330 34712 21350 48839 42798 49788 64791 52233 19812 63352 44829 36765 60884 55021 13074 9062 61368 52721 25679 44817 53138 49537 29677 50701 1906 43509 46556 52914 27550 58302 52951 40817 46301 18791 59858 59977 18103 32325 52605 43995 0 27053 47909 65218 47140 43373 68859 18584 48472 40477 38103 60534 14016 52564 43598 23112 25620 45548 21651 52270 31526 51644 42415 37814 18305 44362 61132 49440 30278 73369 3312 50583 29682 32809 20642 17408 24501 45764 57553 18272 26808 50078 42956 46752 46816 39584 66207 32121 54177 59478 45764 27358 40864 57107 35323 54221 46674 49694 60462
69271 44944 73349 32359 11234 42753 48052 76751 84398 34333 24610 88549 71417 13334 78609 75215 21620 29400 83150 70571 50017 63477 38674 62614 13918 77700 27974 65511 72773 73037 36068 76713 79958 61852 41954 31649 79459 82745 44891 53639 38974 39569 27053 0 72347 85313 69559 27099 87713 8728 74793 63514 43350 55001 13737 67518 57962 45075 49825 71087 31066 79300 22546 77549 23957 57171 37315 71277 79818 70190 50449 97714 24236 77587 56470 15717 11682 35320 48905 40749 80815 35023 5309 26847 50693 73592 43592 57881 90160 58126 76114 81176 47305 48417 60430 73147 27348 74685 72105 74114 78401
4221 96811 18096 79862 69100 93632 81539 21896 25418 83151 50976 54853 35676 83964 27926 18181 60337 42993 67336 24265 45347 21276 79759 77690 67949 23277 48097 56739 11344 17643 68658 24788 24440 15607 63542 60951 22306 13952 37173 54256 99736 88611 47909 72347 0 24496 8927 91189 30171 65097 39431 10110 48085 103874 61340 31691 31870 27506 45740 43849 45314 30053 63365 43988 90324 60454 35648 30971 25518 14882 55982 65982 49577 30499 22644 70293 61985 37756 23622 90424 59991 57381 69961 87601 44638 18578 90456 63325 62718 17191 62439 66378 86665 53457 61437 30524 63581 66580 5609 51148 27142
23536 116661 12035 99412 84894 113512 103447 45091 2084 86597 61152 78201 60022 98159 10426 10241 78281 57991 91697 15848 68586 21890 81414 101389 77326 46305 65967 81128 35286 12400 89549 10024 46899 24402 63517 81201 5974 12440 58975 77882 117767 108542 65218 85313 24496 0 19338 107956 5882 79623 63598 25997 49455 124563 76913 22732 30056 42148 68956 68292 54667 53162 70464 68042 106370 84277 48627 55273 7241 15781 79237 88945 65913 53982 45812 78916 73839 50419 41641 110349 84288 78247 81727 94223 43025 42396 110879 87134 86397 39731 86920 90791 108059 76493 85482 17379 68939 91072 29846 75569 9966
5475 97907 9962 80714 67673 94742 84169 30497 19623 76998 46700 63084 43109 81834 20096 10622 60070 40826 74517 15466 49327 12628 73089 82204 63614 31916 47678 62625 19836 9461 70441 16862 33212 8462 56284 62229 15475 13186 39651 58711 99698 89745 47140 69559 8927 19338 0 90407 24333 62985 47120 6805 40883 105568 59729 22764 23492 24690 49692 50927 40579 38578 58141 51771 89153 65178 32246 38554 18248 6137 59960 74342 48256 38850 26667 65700 58592 34264 22867 91557 67336 59114 66619 82465 36706 26930 91938 68021 70713 20514 69208 73431 88874 57186 66519 21826 57786 72990 14175 58255 19346
88886 20845 95940 18846 23169 19889 34278 89792 107339 57304 50092 91944 79850 15460 102514 97715 30947 49965 80994 94315 56244 86703 63151 52932 40780 90385 43093 65700 88714 95560 31241 100252 92481 83657 68907 33970 102362 103330 56824 55068 11944 19377 43373 27099 91189 107956 90407 0 111116 29172 82057 83805 70008 30465 31102 92432 82891 65939 55898 76596 56126 89998 49601 83415 4099 55484 59437 81300 103244 92280 51296 98771 42170 88006 71290 42015 37815 57781 67874 19508 81147 38529 32363 45989 77136 87495 23094 54818 90951 74852 74880 79084 30160 50830 58338 97731 54333 71590 89570 77075 102199
28909 120592 15690 103328 87970 117461 107999 50959 4779 86722 63272 84078 65785 100743 9569 14216 81929 61240 97462 17172 73649 24429 81175 106536 78980 52179 69725 86629 41089 16151 93865 11000 52780 28250 63185 85394 9163 18298 63712 83043 121208 112522 68859 87713 30171 5882 24333 111116 0 82451 69405 30747 49873 128707 80015 22352 30866 45755 74011 74014 56763 59038 71693 73868 109357 89499 51681 61046 7905 19905 84270 94826 69326 59846 50988 80370 76118 53353 45894 114321 90072 82615 83884 95023 42977 48226 114986 92346 92263 44846 92607 96533 112448 81466 90794 16440 69786 96691 35594 81305 9554
62245 43838 67591 28899 6770 41232 43064 68372 78864 40262 21062 79881 62704 18892 73641 69417 13511 22212 74945 65476 41356 58033 43470 55996 17441 69283 19371 57193 64822 67242 29650 71506 71532 55646 43254 24003 73890 76134 36232 45334 40330 37301 18584 8728 65097 79623 62985 29172 82451 0 66066 56688 41479 53667 5018 63293 53740 38301 41173 62381 26964 70710 24160 68827 26994 49205 31038 62623 74551 64166 42271 89150 15992 68973 48209 20211 10097 29205 41493 38750 72371 26951 10469 34567 48327 65309 41082 50110 81639 50229 67857 72978 43384 40088 52464 68658 29069 66671 64482 65508 73362
41699 78827 57041 65053 66283 75915 58616 19200 64711 99251 64143 17126 4476 81728 67121 57420 54603 50948 28256 62160 25962 56576 98687 47099 77794 18355 47173 22969 28316 56550 51722 63913 18855 49298 86951 48219 61731 51742 30439 28413 86404 71361 48472 74793 39431 63598 47120 82057 69405 66066 0 43168 73289 82701 61069 68127 64463 45575 26277 6880 61743 12617 77762 4709 83018 31555 51053 8574 64900 53182 31987 28563 51703 10857 26162 80870 69000 52527 39248 72958 20748 43660 75205 98458 73492 21245 71469 33959 23774 30645 24461 27551 64949 31587 30611 68606 80387 29532 33876 12771 66351
6130 91106 15518 73918 61189 87940 77451 28374 26125 73055 41326 59713 38939 75571 25409 16641 53354 34478 69816 19215 42993 13548 69655 75928 58314 29838 40962 57047 18083 15009 63653 22201 31491 6501 53552 55425 21681 19539 33001 52489 92982 82941 40477 63514 10110 25997 6805 83805 30747 56688 43168 0 38111 98768 53279 25019 23013 18447 43347 46307 35475 36067 53421 47874 82633 59029 26333 34631 24099 11180 53575 71124 41706 35989 20665 60561 52785 28409 16100 84754 62829 52330 60805 77706 35079 24450 85134 61852 66936 14480 64186 68619 82107 50739 60514 25615 53518 67688 13300 53588 24719
43895 85098 39169 69107 48183 82353 80228 64088 47920 37177 20729 90332 68838 56581 40308 40976 48050 29411 94303 33623 59209 29449 32449 87460 31469 65500 39914 77507 55109 39092 65045 39539 67527 32676 15459 56560 43596 52156 47725 67965 81579 78087 38103 43350 48085 49455 40883 70008 49873 41479 73289 38111 0 94733 41568 27602 19433 27714 59340 73514 16525 70519 22983 77686 67183 74222 23485 65900 42602 37979 66822 101615 36142 69748 47218 32044 32194 22822 34097 79666 88837 56373 38454 45224 7612 60028 81599 76398 95706 43873 87407 92620 82305 63674 76956 33596 20190 88853 51181 79732 40388
102661 10065 113025 25976 46903 12435 24094 95964 124394 87437 74008 87097 82072 45521 121181 114587 47901 69171 71169 113088 60552 105138 92922 39604 68874 96102 59375 61159 98251 112573 35228 118467 97816 100457 96548 43363 119575 117392 66711 54566 20546 16733 60534 55001 103874 124563 105568 30465 128707 53667 82701 98768 94733 0 53174 113065 103954 83215 60137 76066 79021 93532 77108 82333 34560 51324 78772 85077 121170 108898 51327 90623 60916 91439 81550 70675 63648 77660 82922 15085 74146 46548 60235 76428 101122 94857 13744 49238 83278 86683 67014 69594 17887 52720 52905 117633 82025 62111 100774 73634 120717
58664 43621 64885 27612 7984 40818 40447 63725 76261 44306 20839 74870 57735 22801 71435 66674 9140 18970 70160 63231 36350 55601 46999 52216 21126 64603 14606 52358 60529 64512 26272 69152 66843 52695 45094 19785 71282 72803 31343 40518 41582 36520 14016 13737 61340 76913 59729 31102 80015 5018 61069 53279 41568 53174 0 61636 52168 35082 36171 57363 26030 65873 26683 63812 29486 44593 28339 57725 72142 61293 37539 84178 11793 64114 43695 24098 12573 26683 37727 38100 67459 22359 15132 39316 48001 60745 40072 45618 76687 46019 63048 68198 41450 35267 47845 66793 31451 62001 60445 60521 71111
27976 104226 15427 87149 69364 101201 94483 52930 20951 64372 42920 84732 63842 80791 12850 16677 65230 43928 94220 8286 64191 11560 58900 96580 57623 54376 53832 80251 42317 15645 79524 12758 55811 18849 40934 70728 17358 28995 52759 73877 103216 96444 52564 67518 31691 22732 22764 92432 22352 63293 68127 25019 27602 113065 61636 0 9574 30971 64479 70917 36540 60853 49889 72836 90246 80556 34292 59618 15542 17033 74156 96140 52214 60902 44057 58753 55837 35470 34023 98188 87436 68830 63271 72820 20626 49161 99367 83235 91900 38259 88253 92913 98076 71060 82527 5996 47670 91304 36807 78113 13042
27711 94992 19911 77996 59853 91993 85951 51282 28579 56609 33357 81451 60042 71225 21340 21665 56060 34788 89215 14209 57354 10966 51691 89118 48307 52747 44965 74264 41096 19885 70858 20226 54466 16573 34051 62039 24171 33295 45647 66960 93733 87285 43598 57962 31870 30056 23492 82891 30866 53740 64463 23013 19433 103954 52168 9574 0 23217 57607 66425 26967 58757 40835 69138 80681 73617 25301 56193 23336 19355 66894 92927 43039 58480 39050 49572 46280 26296 27450 89013 82776 60418 53758 64257 13647 47294 90296 76200 88073 33853 82908 87781 89302 63744 75804 15242 38981 85520 36145 73410 21313
24226 74892 30224 57633 43047 71776 63667 37768 41685 57701 23758 62630 41124 57165 37966 31931 36186 16141 67636 29895 34305 21936 55503 65914 40613 39092 23983 51750 30396 29812 48899 35282 41262 17756 41792 40189 36747 37834 22520 43835 75619 66867 23112 45075 27506 42148 24690 65939 45755 38301 45575 18447 27714 83215 35082 30971 23217 0 34537 46014 18738 43433 36852 49988 64549 50470 8197 38265 38061 26392 43681 73943 23796 42475 19539 43091 34491 10308 6485 68657 61736 37982 42485 60709 28520 33831 69471 53021 68183 16950 60990 66062 67533 40528 52744 34793 37936 63113 28185 52487 37506
45567 54696 58831 39557 40507 51619 36609 35927 69315 77846 44520 38729 23964 55688 68469 59986 28787 31375 35946 61315 416 53811 78651 32597 55090 36169 23906 18355 38514 58326 26417 65335 38016 47272 70273 21969 65014 59683 12031 9398 60954 46785 25620 49825 45740 68956 49692 55898 74011 41173 26277 43347 59340 60137 36171 64479 57607 34537 0 21511 44367 34540 57053 28213 56758 16077 35944 25811 67417 54481 10286 48106 28904 32484 23222 58233 45920 36524 30460 48500 31938 17403 51026 75018 62114 34723 47604 18775 40755 29227 28790 34103 42335 7760 18208 67206 60617 29578 41766 24394 67827
45643 72458 60888 59169 62005 69594 52008 25079 69266 97257 62549 17838 8532 77183 71024 61443 50282 49162 23590 65507 21259 59378 97199 40221 75189 24432 44075 16100 33169 60385 45853 67789 25228 52103 86502 43066 65974 56781 28051 22137 80419 65128 45548 71087 43849 68292 50927 76596 74014 62381 6880 46307 73514 76066 57363 70917 66425 46014 21511 0 60819 19268 75920 6820 77772 24806 50569 13270 69025 56846 25823 28446 48846 17372 27401 78308 66190 51828 39997 66688 16531 38559 71926 95601 74423 26472 65073 27146 22192 32738 18711 22543 58381 25799 23754 71921 78892 23369 38448 7329 70272
41586 69600 42869 53172 33332 66745 63748 56256 53625 39016 6510 78324 57452 44280 47572 44761 31729 13291 80058 39593 44291 32780 37261 71146 23061 57534 23494 62717 49130 42603 48542 45767 59743 32306 25971 40035 48740 53534 33449 52503 67232 62300 21651 31066 45314 54667 40579 56126 56763 26964 61743 35475 16525 79021 26030 36540 26967 18738 44367 60819 0 61392 18169 65796 53783 58530 11086 55324 48893 40112 51038 89258 19617 60233 36890 25133 19403 9309 24798 63938 75171 39915 27124 42292 22152 52392 65669 60562 82797 35454 72993 78282 65985 47944 61397 42099 19302 73918 46678 66406 47384
33126 88909 48142 74096 72050 85892 69480 8174 54482 100138 64949 25041 11590 87777 57937 48206 60730 52586 40139 54029 34155 49566 98634 59277 80157 6870 51342 35281 18761 47683 60923 54827 6551 42541 85148 56088 52060 40914 34565 38979 95490 81149 52270 79300 30053 53162 38578 89998 59038 70710 12617 36067 70519 93532 65873 60853 58757 43433 34540 19268 61392 0 78698 16011 90493 43086 50316 8736 55379 44709 42233 35971 55245 2093 24555 83095 71930 52113 36970 82826 32569 51567 78889 100991 69434 11695 81669 45671 33303 26669 36945 39655 75658 41170 42543 60404 80628 42117 24491 25317 57150
59549 67106 59165 52999 30639 64726 67026 74019 69165 21522 13758 93722 73664 35012 62175 61057 35465 26830 92890 54765 57084 48969 21612 78504 8994 75251 33340 75035 67242 58971 52931 60924 77489 49721 19468 45878 64493 70808 47874 63747 61505 61118 31526 22546 63365 70464 58141 49601 71693 24160 77762 53421 22983 77108 26683 49889 40835 36852 57053 75920 18169 78698 0 81487 46299 68912 28917 72060 64064 56948 61445 104208 28334 77399 54158 9068 14206 26922 42722 62463 88907 47516 17249 24326 30595 70236 65005 70416 97286 53336 85701 91003 67542 58668 72056 55843 4935 85671 64845 80731 62140
46339 79006 61678 65939 68648 76178 58346 23293 69194 102926 67954 12646 9098 83901 71743 62030 56926 54658 24168 66848 27944 61285 102569 45537 81170 22313 50249 21533 32797 61189 52633 68541 22509 54007 91179 49869 66294 56084 33809 28832 87153 71767 51644 77549 43988 68042 51771 83415 73868 68827 4709 47874 77686 82333 63812 72836 69138 49988 28213 6820 65796 16011 81487 0 84589 31011 55230 13260 69485 57846 32550 23996 54917 14559 30680 84269 72263 56640 43715 73305 16599 45354 78218 101719 78036 25647 71607 33164 19065 35302 21111 23644 64758 32609 29606 73294 84254 26477 38411 9816 70971
87866 24936 94337 21447 21506 23907 37490 89916 105683 53321 47605 93518 80622 11654 100615 96136 30517 48455 83247 92439 57087 84928 59257 55896 37395 90569 42312 67521 88351 93970 33066 98439 92703 82181 65486 34799 100704 102172 56818 56585 15638 23100 42415 23957 90324 106370 89153 4099 109357 26994 83018 82633 67183 34560 29486 90246 80681 64549 56758 77772 53783 90493 46299 84589 0 57441 57752 81843 101465 90775 52834 100695 40928 88532 70996 38469 35060 56015 66846 23363 83075 39360 29135 41912 74417 87466 26926 56953 92874 74269 76972 81316 33720 52135 60387 95646 50959 73898 88947 78615 100326
60753 48296 74547 36918 46396 45589 27354 46944 84761 88567 57597 37043 31496 59600 84312 75620 35702 45246 26296 77289 16366 69847 90382 17265 65323 46762 35917 10406 51936 74039 24381 81149 48146 63223 83989 25588 80607 74369 27970 6679 57366 41447 37814 57171 60454 84277 65178 55484 89499 49205 31555 59029 74222 51324 44593 80556 73617 50470 16077 24806 58530 43086 68912 31011 57441 0 51171 35169 83128 70205 7539 43288 40782 41025 38512 68410 56206 51487 46537 42867 25664 22257 59650 83761 77542 46840 40884 2871 35468 44672 19627 24321 33787 10587 3261 83235 72985 17518 55969 22654 83654
32254 69984 36592 52866 36306 66941 60779 45204 47934 50047 15603 67831 46702 49748 43216 38403 30969 9712 70848 35005 35796 27285 48321 65367 32418 46471 19670 54036 38391 36232 45619 40849 48688 24635 35965 36799 42955 45431 24242 44766 69636 62161 18305 37315 35648 48627 32246 59437 51681 31038 51053 26333 23485 78772 28339 34292 25301 8197 35944 50569 11086 50316 28917 55230 57752 51171 0 44385 43818 33129 43918 78922 17990 49178 25845 34912 26452 2112 13807 63911 65515 35447 34473 52584 26393 41368 65078 53485 72704 24440 63929 69151 64010 40738 53782 38995 30376 65394 36367 56515 42860
33143 80273 48483 65366 63676 77241 61079 12072 56328 93577 58318 25263 4778 79369 58573 48886 52250 45503 36426 53590 25424 48077 92534 51829 72898 11677 43312 28311 20017 47990 52208 55361 12978 40812 79980 47370 53246 43596 26391 30627 86757 72475 44362 71277 30971 55273 38554 81300 61046 62623 8574 34631 65900 85077 57725 59618 56193 38265 25811 13270 55324 8736 72060 13260 81843 35169 44385 0 56390 44610 33751 36737 47440 6709 18736 75901 64421 46020 31818 74162 29029 42843 71131 93712 65671 13203 73062 37861 32309 22541 31964 35558 67191 32547 34962 60035 74333 36608 25459 20386 57806
23388 112948 8586 95687 80092 109828 100770 47206 5410 79662 55402 80313 61040 92840 3420 7627 74193 53406 92600 9344 67067 16543 74357 100010 71216 48528 62044 80858 36829 9093 86466 3147 49429 20810 56422 77921 3421 16660 56751 76587 113390 104906 61132 79818 25518 7241 18248 103244 7905 74551 64900 24099 42602 121170 72142 15542 23336 38061 67417 69025 48893 55379 64064 69485 101465 83128 43818 56390 0 12936 77616 91350 61525 55949 44704 72667 68233 45471 38572 106700 85342 75268 76016 87592 35985 44069 107436 85951 88233 38513 87407 91559 105084 74736 84585 10148 62317 91234 31121 76352 2810
11611 100915 4350 83660 69277 97770 88097 36615 15496 74805 46484 69214 49128 82843 14305 5698 62501 42335 80429 9384 54132 8550 70422 87074 63111 38027 50186 68129 25958 3846 73984 11073 39286 8636 53125 65554 10743 14185 43890 63655 102005 92809 49440 70190 14882 15781 6137 92280 19905 64166 53182 11180 37979 108898 61293 17033 19355 26392 54481 56846 40112 44709 56948 57846 90775 70205 33129 44610 12936 0 64684 80478 50180 44987 31831 64965 58889 35002 26011 94613 73300 62720 66866 81147 32959 33066 95195 73024 76813 25639 75002 79306 92553 61813 71693 15698 56083 78658 20270 64167 13592
55853 46880 69033 33423 39948 43942 27354 44838 79582 81271 50058 40686 30866 53865 78597 70216 28846 37748 32702 71327 10665 63719 82951 22497 58058 44887 28383 15220 48407 68530 20177 75484 46537 57330 76453 19279 75253 69931 21398 3775 54604 39375 30278 50449 55982 79237 59960 51296 84270 42271 31987 53575 66822 51327 37539 74156 66894 43681 10286 25823 51038 42233 61445 32550 52834 7539 43918 33751 77616 64684 0 48270 33264 40140 33505 61162 48902 44150 40181 40972 30828 15438 52658 76828 70311 44101 39557 9581 40501 39511 25680 30729 33442 3185 10614 77117 65481 24499 51897 25792 77967
68867 89836 84039 80137 87795 87471 68392 44145 90340 125434 90938 11475 33034 102117 93894 84156 76262 77532 19517 89709 47968 84652 125575 51026 103030 42825 71773 33212 54647 83573 67633 90770 42057 77428 114882 67466 88027 76579 56363 44675 100052 83839 73369 97714 65982 88945 74342 98771 94826 89150 28563 71124 101615 90623 84178 96140 92927 73943 48106 28446 89258 35971 104208 23996 100695 43288 78922 36737 91350 80478 48270 0 76682 35506 54676 106168 93914 80232 67701 85069 17626 63334 99120 123118 102031 47445 82581 44080 7822 59176 24155 21029 74713 49685 40469 96130 107282 28559 60391 23721 93108
46975 52015 53941 34959 19539 48987 44224 52516 65386 48943 17066 66656 48016 34568 61093 55680 13023 8291 64594 52893 28969 45071 49936 51961 26367 53469 5019 46715 48844 53543 28980 58624 55729 41546 43586 20418 60424 61245 21291 35434 51888 44249 3312 24236 49577 65913 48256 42170 69326 15992 51703 41706 36142 60916 11793 52214 43039 23796 28904 48846 19617 55245 28334 54917 40928 40782 17990 47440 61525 50180 33264 76682 0 53592 32258 29498 17351 16754 25986 45984 60841 20526 23691 46802 41399 49375 47277 42464 69515 34281 57401 62696 46789 30404 43872 56985 32231 57352 48657 53005 60709
33378 86822 48536 72040 70211 83806 67389 8903 55244 98870 63642 24364 9531 85926 58424 48680 58847 51142 38727 54254 32101 49528 97493 57274 78680 7798 49616 33321 19156 48068 58855 55284 8012 42422 84249 54079 52663 41833 32779 36888 93437 79068 50583 77587 30499 53982 38850 88006 59846 68973 10857 35989 69748 91439 64114 60902 58480 42475 32484 17372 60233 2093 77399 14559 88532 41025 49178 6709 55949 44987 40140 35506 53592 0 23345 81639 70376 50935 35994 80743 31159 49552 77261 99516 68878 11940 79579 43622 32417 25879 35293 38169 73565 39083 40517 60659 79424 40389 24898 23620 57640
22355 74880 36149 58253 50755 71708 58935 20416 46254 75584 40419 43279 21690 66370 46072 37150 40480 28387 50274 39525 22839 32676 74150 55579 55951 21487 29214 36484 17445 35637 46445 42866 23759 25568 61251 39218 42112 36537 15013 32072 78819 66700 29682 56470 22644 45812 26667 71290 50988 48209 26162 20665 47218 81550 43695 44057 39050 19539 23222 27401 36890 24555 54158 30680 70996 38512 25845 18736 44704 31831 33505 54676 32258 23345 0 58820 48077 27590 13122 68501 43729 35325 55416 76745 47357 17122 68297 41358 49288 6192 44199 48911 64167 30880 39885 45761 56087 47333 19229 34363 45384
66652 60612 67419 47822 25749 58460 62967 79096 77688 20215 19346 96132 76994 26915 70893 69316 33237 30509 93456 63336 58329 57222 23353 76169 3144 80245 34398 75543 73161 67196 49861 69521 82511 57384 27126 43880 72943 78596 50473 63872 53958 55268 32809 15717 70293 78916 65700 42015 80370 20211 80870 60561 32044 70675 24098 58753 49572 43091 58233 78308 25133 83095 9068 84269 38469 68410 34912 75901 72667 64965 61162 106168 29498 81639 58820 0 12343 32812 48446 56463 90128 46312 10673 17925 39656 75481 59277 69582 98954 58823 86279 91519 62699 58652 71639 64680 12923 85654 71275 82474 70828
58689 53755 61924 38992 16783 51216 52821 68490 72876 32369 12931 83988 65238 24974 66969 63800 21567 19821 81122 58960 46022 51966 34547 64714 9205 69559 22155 63207 63456 61626 38841 65118 71832 50682 33158 32150 67955 71753 38561 51558 49418 47368 20642 11682 61985 73839 58592 37815 76118 10097 69000 52785 32194 63648 12573 55837 46280 34491 45920 66190 19403 71930 14206 72263 35060 56206 26452 64421 68233 58889 48902 93914 17351 70376 48077 12343 0 24380 38987 48793 77795 34251 8028 29463 39360 65058 51170 57466 86660 48854 73943 79188 53401 46348 59421 61468 19064 73377 62229 70204 66772
34348 68758 38386 51711 34622 65738 60120 47132 49680 48136 13521 69209 48209 47842 44764 40212 29777 8492 71736 36556 36398 28928 46566 65316 30308 48385 18905 54737 40450 38037 44905 42471 50610 26561 34680 36103 44702 47445 25035 45170 68114 61003 17408 35320 37756 50419 34264 57781 53353 29205 52527 28409 22822 77660 26683 35470 26296 10308 36524 51828 9309 52113 26922 56640 56015 51487 2112 46020 45471 35002 44150 80232 16754 50935 27590 32812 24380 0 15812 62738 66552 35000 32405 50506 26312 43322 64000 53731 73910 26414 64763 70012 63171 40982 54173 40337 28522 66063 38471 57633 44432
21024 75092 30212 57874 45525 71933 62201 31473 41498 63813 29286 56343 34783 60347 39050 31709 37280 19506 62107 31395 30177 23620 61831 62654 45814 32769 24897 46816 24714 29744 47974 36093 34964 17770 48277 39562 36735 35506 18797 39858 76901 66947 24501 48905 23622 41641 22867 67874 45894 41493 39248 16100 34097 82922 37727 34023 27450 6485 30460 39997 24798 36970 42722 43715 66846 46537 13807 31818 38572 26011 40181 67701 25986 35994 13122 48446 38987 15812 0 68757 55971 36723 46838 66242 34433 27594 69239 49212 62100 10655 55630 60600 66556 37118 48561 36989 44091 58091 23262 46656 38488
88938 6388 98672 11053 32011 3210 16980 84354 110093 74129 58938 79851 71692 32821 106590 100281 32962 54263 66222 98454 48904 90525 79190 35868 54470 84649 44704 53233 85606 98232 22261 103939 86515 86093 81838 29477 105226 103695 53501 44573 15273 1815 45764 40749 90424 110349 91557 19508 114321 38750 72958 84754 79666 15085 38100 98188 89013 68657 48500 66688 63938 82826 62463 73305 23363 42867 63911 74162 106700 94613 40972 85069 45984 80743 68501 56463 48793 62738 68757 0 67751 33175 45874 63920 86037 82843 3595 41399 77380 73286 60923 64432 11424 41676 45143 102855 67396 56780 87684 65496 106148
62000 72716 77297 62537 70627 70247 51278 39852 85356 109784 76074 13483 24317 84686 87424 77793 59238 62716 7571 82021 31874 75902 110470 34895 86984 38903 55844 15653 49006 76797 50010 84195 39093 68630 101111 50095 82235 72487 41729 27333 82620 66467 57553 80815 59991 84288 67336 81147 90072 72371 20748 62829 88837 74146 67459 87436 82776 61736 31938 16531 75171 32569 88907 16599 83075 25664 65515 29029 85342 73300 30828 17626 60841 31159 43729 90128 77795 66552 55971 67751 0 46086 82532 106667 90254 41986 65391 26530 9805 49221 7172 7264 57678 32467 22879 88440 92324 12590 54488 9366 86666
56113 39555 66936 23115 24550 36383 25685 51965 78186 66517 37530 55010 41326 38923 75585 68418 13458 27119 48130 67687 17738 59745 68706 31454 43261 52420 16466 30591 52487 66467 11335 72715 54428 54458 63993 4567 73453 70844 20329 18758 44231 31375 18272 35023 57381 78247 59114 38529 82615 26951 43660 52330 56373 46548 22359 68830 60418 37982 17403 38559 39915 51567 47516 45354 39360 22257 35447 42843 75268 62720 15438 63334 20526 49552 35325 46312 34251 35000 36723 33175 46086 0 37394 61512 61062 50099 33076 23276 55637 40200 41118 46155 29834 13650 25515 72771 51873 39726 54516 40176 75061
66696 50187 69847 37152 15215 47948 52440 75820 80726 30103 20614 89588 71625 18144 74658 71729 23974 27478 85292 66713 51179 59840 33929 66235 8640 76842 28032 67485 71164 69557 39752 72890 79112 58693 36646 34461 75822 79779 44908 55649 44258 44648 26808 5309 69961 81727 66619 32363 83884 10469 75205 60805 38454 60235 15132 63271 53758 42485 51026 71926 27124 78889 17249 78218 29135 59650 34473 71131 76016 66866 52658 99120 23691 77261 55416 10673 8028 32405 46838 45874 82532 37394 0 24185 45885 72490 48641 60578 91687 56524 78178 83330 52041 50398 62907 68991 22040 77096 70099 75419 74486
83830 66626 83191 57531 38048 65172 73967 97017 92817 13134 36985 113369 94667 31125 85456 85072 48059 48415 109476 78405 75151 73031 20464 89353 20836 98169 51526 91668 90942 83023 62835 84481 100434 74039 34672 58383 88275 95084 68019 79834 57111 63139 50078 26847 87601 94223 82465 45989 95023 34567 98458 77706 45224 76428 39316 72820 64257 60709 75018 95601 42292 100991 24326 101719 41912 83761 52584 93712 87592 81147 76828 123118 46802 99516 76745 17925 29463 50506 66242 63920 106667 61512 24185 0 52493 93389 67221 84597 115750 76686 102363 107513 72318 74583 87021 78815 25285 101237 88865 99398 85497
40420 91621 33504 75313 54948 88806 85616 62477 41372 43746 27306 90618 69016 63975 33464 35218 53844 33958 96123 27373 61938 24470 38389 91627 39055 63924 44663 79913 52846 33500 70362 33012 65822 29034 20538 61699 37306 46942 50189 71092 88594 84414 42956 50693 44638 43025 36706 77136 42977 48327 73492 35079 7612 101122 48001 20626 13647 28520 62114 74423 22152 69434 30595 78036 74417 77542 26393 65671 35985 32959 70311 102031 41399 68878 47357 39656 39360 26312 34433 86037 90254 61062 45885 52493 0 58414 87812 79875 96532 43188 89413 94527 88066 67130 80107 26565 27683 91300 48376 80990 33617
21464 89135 36596 73199 67653 86011 71252 4069 43564 91404 56646 36276 17970 83335 46502 36756 57019 45271 49466 42360 34307 37906 89331 63920 72691 5510 46196 41056 7240 36128 60584 43353 7505 30944 74995 54370 40811 30501 30674 41494 94275 81084 46752 73592 18578 42396 26930 87495 48226 65309 21245 24450 60028 94857 60745 49161 47294 33831 34723 26472 52392 11695 70236 25647 87466 46840 41368 13203 44069 33066 44101 47445 49375 11940 17122 75481 65058 43322 27594 82843 41986 50099 72490 93389 58414 0 82179 49648 44178 16939 45165 48675 77055 42265 47092 48751 71684 49783 12971 33561 45719
89131 7413 99309 12502 34410 4918 14213 83530 110690 77236 60882 77713 70404 36171 107438 100880 34289 55508 63573 99344 48014 91394 82161 32849 57188 83764 45639 51172 85223 98859 21853 104727 85576 86736 84300 29709 105860 103878 53361 43059 18387 4091 46816 43592 90456 110879 91938 23094 114986 41082 71469 85134 81599 13744 40072 99367 90296 69471 47604 65073 65669 81669 65005 71607 26926 40884 65078 73062 107436 95195 39557 82581 47277 79579 68297 59277 51170 64000 69239 3595 65391 33076 48641 67221 87812 82179 0 39244 74944 73276 58476 61816 8203 40514 42995 103904 69941 54167 87521 63536 106975
63613 46639 77369 36088 46951 44022 25445 49692 87611 89779 59396 38474 34092 59671 87113 78452 36605 47271 26344 80054 19080 72581 91799 14398 66522 49483 37680 11979 54790 76860 24035 83956 50831 65994 85858 26233 83444 77241 30565 9405 56128 40050 39584 57881 63325 87134 68021 54818 92346 50110 33959 61852 76398 49238 45618 83235 76200 53021 18775 27146 60562 45671 70416 33164 56953 2871 53485 37861 85951 73024 9581 44080 42464 43622 41358 69582 57466 53731 49212 41399 26530 23276 60578 84597 79875 49648 39244 0 36289 47512 20064 24395 31904 12751 3751 85975 74581 17170 58838 24441 86458
65258 82230 80576 72329 80136 79821 60778 41307 87658 118388 84172 8716 28095 94362 90591 80854 68652 70760 12717 85872 40642 80348 118750 43754 95812 40118 64566 25403 51412 80093 59811 87409 39746 73069 108589 59727 84988 74206 49591 36934 92318 76128 66207 90160 62718 86397 70713 90951 92263 81639 23774 66936 95706 83278 76687 91900 88073 68183 40755 22192 82797 33303 97286 19065 92874 35468 72704 32309 88233 76813 40501 7822 69515 32417 49288 98954 86660 73910 62100 77380 9805 55637 91687 115750 96532 44178 74944 36289 0 54221 16468 13919 67134 41988 32663 92318 100500 21178 57112 16555 89814
16400 79674 29956 62801 53466 76495 64452 20831 40125 74467 39812 47707 26204 68820 39888 30965 43905 29057 55960 33434 28855 26779 72442 61693 56108 22144 31997 42606 14655 29445 51468 36680 24325 19579 58499 43833 35937 30871 19987 38198 82950 71475 32121 58126 17191 39731 20514 74852 44846 50229 30645 14480 43873 86683 46019 38259 33853 16950 29227 32738 35454 26669 53336 35302 74269 44672 24440 22541 38513 25639 39511 59176 34281 25879 6192 58823 48854 26414 10655 73286 49221 40200 56524 76686 43188 16939 73276 47512 54221 0 50063 54663 69502 36804 46074 39719 54746 53360 14724 39877 39198
64029 65766 79138 56145 65611 63354 44315 43564 87846 106193 73310 20557 27197 79178 89268 79794 54498 60137 7193 83378 28814 76830 107313 27724 83146 42790 52383 10736 51873 78631 43955 86028 43304 69641 98953 44860 84425 75485 39729 22530 75899 59686 54177 76114 62439 86920 69208 74880 92607 67857 24461 64186 87407 67014 63048 88253 82908 60990 28790 18711 72993 36945 85701 21111 76972 19627 63929 31964 87407 75002 25680 24155 57401 35293 44199 86279 73943 64763 55630 60923 7172 41118 78178 102363 89413 45165 58476 20064 16468 50063 0 5313 50682 27780 16589 89728 89368 5656 57098 11702 88530
68173 69002 83386 60271 70581 66725 47603 46745 91792 111460 78623 20041 30788 83912 93523 83969 59576 65444 1979 87833 34125 81441 112615 29997 88389 45855 57679 15996 55574 82881 48426 90285 46148 74213 104246 49789 88516 79147 44979 27697 79552 63282 59478 81176 66378 90791 73431 79084 96533 72978 27551 68619 92620 69594 68198 92913 87781 66062 34103 22543 78282 39655 91003 23644 81316 24321 69151 35558 91559 79306 30729 21029 62696 38169 48911 91519 79188 70012 60600 64432 7264 46155 83330 107513 94527 48675 61816 24395 13919 54663 5313 0 53853 32946 21156 94215 94679 7653 60946 15230 92775
85679 15155 96768 14957 37077 13082 6461 78101 108017 81525 61804 70237 64220 41749 105339 98251 34266 54754 55579 97378 42751 89421 85941 24661 60331 78226 44339 43883 80622 96300 18644 102503 79931 84278 86461 27367 103287 100341 49527 36712 26573 10943 45764 47305 86665 108059 88874 30160 112448 43384 64949 82107 82305 17887 41450 98076 89302 67533 42335 58381 65985 75658 67542 64758 33720 33787 64010 67191 105084 92553 33442 74713 46789 73565 64167 62699 53401 63171 66556 11424 57678 29834 52041 72318 88066 77055 8203 31904 67134 69502 50682 53853 0 34856 35636 102285 72445 46216 83346 56336 104830
53186 47739 66160 33468 38165 44726 28987 43246 76797 78695 47090 41547 30037 52503 75662 67373 26805 34660 34903 68332 8167 60689 80218 25536 55533 43388 25474 17106 46246 65659 20135 72564 45133 54364 73435 17849 72420 67391 18322 5251 54822 40018 27358 48417 53457 76493 57186 50830 81466 40088 31587 50739 63674 52720 35267 71060 63744 40528 7760 25799 47944 41170 58668 32609 52135 10587 40738 32547 74736 61813 3185 49685 30404 39083 30880 58652 46348 40982 37118 41676 32467 13650 50398 74583 67130 42265 40514 12751 41988 36804 27780 32946 34856 0 13527 74082 62635 27058 49524 26656 75040
61947 50390 76022 39669 49643 47772 29175 46913 86037 91786 60615 34724 31008 62757 85878 77033 38962 48132 23127 79006 18452 71673 93550 16876 68549 46630 38974 8260 52512 75511 27367 82693 47887 64931 86955 28837 81984 75291 30228 9016 59839 43785 40864 60430 61437 85482 66519 58338 90794 52464 30611 60514 76956 52905 47845 82527 75804 52744 18208 23754 61397 42543 72056 29606 60387 3261 53782 34962 84585 71693 10614 40469 43872 40517 39885 71639 59421 54173 48561 45143 22879 25515 62907 87021 80107 47092 42995 3751 32663 46074 16589 21156 35636 13527 0 85033 76094 14264 56778 20737 85206
27287 108964 12725 91803 74602 105907 98456 52313 15468 70299 48537 84829 64455 86379 7095 13391 69951 48701 95426 6446 66895 13400 64739 99609 63499 53724 58270 82227 41656 13100 83666 7862 54959 20204 46752 74920 12578 25316 55772 76575 108360 101093 57107 73147 30524 17379 21826 97731 16440 68658 68606 25615 33596 117633 66793 5996 15242 34793 67206 71921 42099 60404 55843 73294 95646 83235 38995 60035 10148 15698 77117 96130 56985 60659 45761 64680 61468 40337 36989 102855 88440 72771 68991 78815 26565 48751 103904 85975 92318 39719 89728 94215 102285 74082 85033 0 53663 93075 35964 79204 7433
59633 72016 57979 57926 35571 69649 71854 75556 67533 19774 16345 96621 76197 39561 60223 59852 40111 29754 96544 53120 60624 47854 18317 83026 13565 76835 37183 78759 68243 57824 57645 59202 79044 49324 14606 50422 62994 70135 50932 67644 66257 66053 35323 27348 63581 68939 57786 54333 69786 29069 80387 53518 20190 82025 31451 47670 38981 37936 60617 78892 19302 80628 4935 84254 50959 72985 30376 74333 62317 56083 65481 107282 32231 79424 56087 12923 19064 28522 44091 67396 92324 51873 22040 25285 27683 71684 69941 74581 100500 54746 89368 94679 72445 62635 76094 53663 0 89544 65470 83962 60248
67929 61362 82861 52756 63904 59074 39954 48432 91917 105738 73738 26069 31899 76840 92959 83608 53183 60824 9467 86791 29681 79998 107247 22581 82545 47735 52369 11387 56292 82351 41154 89722 48377 72897 99770 43101 88335 79868 41180 21925 71908 55634 54221 74685 66580 91072 72990 71590 96691 66671 29532 67688 88853 62111 62001 91304 85520 63113 29578 23369 73918 42117 85671 26477 73898 17518 65394 36608 91234 78658 24499 28559 57352 40389 47333 85654 73377 66063 58091 56780 12590 39726 77096 101237 91300 49783 54167 17170 21178 53360 5656 7653 46216 27058 14264 93075 89544 0 61354 16807 92236
8832 94068 23656 77333 68017 90893 78015 16359 30869 85193 51943 49246 30192 83221 33531 23786 58623 42734 61867 29636 41362 25962 82221 73234 68772 17762 46642 51745 5744 23195 65670 30386 19041 19583 66565 58315 27893 18606 34187 49940 97636 85879 46674 72105 5609 29846 14175 89570 35594 64482 33876 13300 51181 100774 60445 36807 36145 28185 41766 38448 46678 24491 64845 38411 88947 55969 36367 25459 31121 20270 51897 60391 48657 24898 19229 71275 62229 38471 23262 87684 54488 54516 70099 88865 48376 12971 87521 58838 57112 14724 57098 60946 83346 49524 56778 35964 65470 61354 0 45723 32748
52971 70948 68215 58972 64415 68240 49879 31868 76563 101844 67643 14910 15609 79099 78351 68771 52786 54235 16264 72797 24250 66589 102202 36005 79334 31088 48076 12477 40382 67712 45882 75116 31625 59325 92278 44489 73296 63978 33085 22031 79826 64048 49694 74114 51148 75569 58255 77075 81305 65508 12771 53588 79732 73634 60521 78113 73410 52487 24394 7329 66406 25317 80731 9816 78615 22654 56515 20386 76352 64167 25792 23721 53005 23620 34363 82474 70204 57633 46656 65496 9366 40176 75419 99398 80990 33561 63536 24441 16555 39877 11702 15230 56336 26656 20737 79204 83962 16807 45723 0 77600
24674 112360 9393 95113 79031 109256 100649 48977 8035 77348 53888 81994 62407 91499 791 8963 73487 52519 93862 7888 67488 15650 71938 100418 69463 50325 61448 81720 38486 9900 86191 2520 51314 20761 53976 77577 5887 19207 56921 77070 112495 104362 60462 78401 27142 9966 19346 102199 9554 73362 66351 24719 40388 120717 71111 13042 21313 37506 67827 70272 47384 57150 62140 70971 100326 83654 42860 57806 2810 13592 77967 93108 60709 57640 45384 70828 66772 44432 38488 106148 86666 75061 74486 85497 33617 45719 106975 86458 89814 39198 88530 92775 104830 75040 85206 7433 60248 92236 32748 77600 0
