0 128811 68498 23793 156051 70114 139167 118878 140647 46376 70127 101509 43402 47798 31310 149283 87026 84125 12944 28759 117882
0 265621 270065 240912 41274 36349 12174 13476 258036 218943 264276 242345 264561 38892 8436 228377 72565 58113 252735 74854 136465
0 721340 202865 603057 234243 753440 121133 371141 112624 658470 920083 593048 360871 641177 252420 61201 661947 926510 163594 757989 195894
721340 0 742405 119893 591246 33551 732070 534583 812000 356771 639499 590454 697792 711926 708486 661940 204222 681214 601224 962887 868517
202865 742405 0 623658 405580 775946 81978 258942 289499 578773 787369 444352 175644 465914 451411 223098 738492 785218 158458 557071 155373
603057 119893 623658 0 486048 153141 612197 425159 696035 308005 622038 511081 587272 632116 606297 544183 205813 658435 481358 878205 748637
234243 591246 405580 486048 0 619204 334649 452689 265031 649916 957012 675807 518748 756697 122541 187254 479211 974987 276813 924276 430077
753440 33551 775946 153141 619204 0 765327 567368 843138 379984 653042 618135 730631 739382 735352 693836 211274 695880 634494 990951 901760
121133 732070 81978 612197 334649 765327 0 296863 210723 608592 841292 503181 249102 536801 371537 148039 706082 842754 130858 638678 136464
371141 534583 258942 425159 452689 567368 296863 0 483125 320167 549375 227885 163307 305058 550716 343931 588886 555441 210241 502692 413131
112624 812000 289499 696035 265031 843138 210723 483125 0 769789 1032350 703123 459680 745672 227001 157667 732054 1038193 276212 844804 217577
658470 356771 578773 308005 649916 379984 608592 320167 769789 0 325445 255160 459907 371170 769203 615018 513576 356402 497328 623573 731843
920083 639499 787369 622038 957012 653042 841292 549375 1032350 325445 0 344776 624301 375750 1071433 888371 822714 48922 757461 559082 940687
593048 590454 444352 511081 675807 618135 503181 227885 703123 255160 344776 0 279641 121621 777736 570517 708967 340872 436248 372985 596500
360871 697792 175644 587272 518748 730631 249102 163307 459680 459907 624301 279641 0 290299 591212 360746 742424 617997 242025 406449 320146
641177 711926 465914 632116 756697 739382 536801 305058 745672 371170 375750 121621 290299 0 849412 629194 828447 355856 497018 252746 606813
252420 708486 451411 606297 122541 735352 371537 550716 227001 769203 1071433 777736 591212 849412 0 231818 581746 1087322 354302 996711 432505
61201 661940 223098 544183 187254 693836 148039 343931 157667 615018 888371 570517 360746 629194 231818 0 600833 897625 134304 765243 249523
661947 204222 738492 205813 479211 211274 706082 588886 732054 513576 822714 708967 742424 828447 581746 600833 0 860895 582109 1068897 837423
926510 681214 785218 658435 974987 695880 842754 555441 1038193 356402 48922 340872 617997 355856 1087322 897625 860895 0 765187 522948 936857
163594 601224 158458 481358 276813 634494 130858 210241 276212 497328 757461 436248 242025 497018 354302 134304 582109 765187 0 648103 267321
757989 962887 557071 878205 924276 990951 638678 502692 844804 623573 559082 372985 406449 252746 996711 765243 1068897 522948 648103 0 657764
195894 868517 155373 748637 430077 901760 136464 413131 217577 731843 940687 596500 320146 606813 432505 249523 837423 936857 267321 657764 0
