0 46986 69839 60460 75453 33437 2204 13984 74966 33871 41085 53525 63066 20130 48061 43646 13731 60437 75367 16302 5536 18152 24236 6797 48552 41894 9807 44022 61716 15414 54474 30212 41707 5028 18633 79926 60735 44384 30297 11744 59050 913 52555 20914 63584 41459 59934 64653 11564 41551 2450
0 152512 26344 123345 79083 58542 8637 84768 129812 164355 31122 713 138750 30901 69447 47232 173716 11940 52015 65601 42448 110911 38137 130309 145953 141182 140683 169271 50980 30070 103485 33824 2373 5677 142336 143411 119979 141828 65960 170701 48742 176079 106994 120840 177858 158698 123894 68140 80862 69681 8427
0 390761 414121 300279 539193 646041 472668 427862 600967 825591 823532 677281 586831 247443 311150 238512 98864 749898 670127 386152 355580 433539 735302 788339 746080 487535 126762 329942 839904 792919 814704 300752 464121 633505 216132 823212 621948 222153 613343 341891 483020 331952 828642 194163 449351 598540 137896 96527 449709 417180 230400
390761 0 370118 419290 171276 267974 260721 463652 213562 468559 454253 295017 467313 278503 440982 243689 475233 558180 533943 494924 357955 440113 630703 405804 367344 376780 517092 574445 478411 612262 432111 433958 407238 243674 183296 621736 326493 554969 270976 343151 605921 386694 637150 398813 523711 259988 263697 482562 518538 622181 187316
414121 370118 0 644186 525280 594980 618190 104702 462655 553956 576597 496374 812354 517379 662823 202185 508257 924109 887166 171850 638005 730274 978270 584422 537893 84558 506098 732961 574189 977401 606526 175351 723337 501311 297844 989833 695700 636161 630611 620796 848043 102312 1004238 564214 169181 359189 313447 496623 784585 812114 265296
300279 419290 644186 0 482128 581395 309655 690164 612704 883783 863543 697763 324218 143089 21699 442005 285158 500902 403141 667123 107946 145035 450582 802552 771060 697177 347820 176002 891634 534055 827606 580426 198585 631240 352421 572189 468162 247979 506271 108664 204193 589332 572085 107935 725393 678907 334645 309795 150241 203769 384697
539193 171276 525280 482128 0 107788 210285 624317 162228 434614 402293 238503 405038 363303 502317 414964 612485 444142 451350 662236 390829 448708 551870 329833 306892 515240 661907 654820 436717 498564 353104 604403 393535 163588 347644 497477 184419 669742 105488 381453 634055 553994 516381 497950 686409 293220 424230 624097 537705 681675 356415
646041 267974 594980 581395 107788 0 289128 697644 155974 385171 343712 199590 457932 468478 600890 508635 720233 455868 488145 743596 484860 532887 586577 261699 252336 571812 769307 755930 382212 507723 280808 692431 471492 131602 449633 496438 196969 776409 102592 477255 720508 636389 517992 603531 761306 303553 528059 731687 623003 777352 455289
472668 260721 618190 309655 210285 289128 0 701876 369439 644564 612503 448533 208794 235745 326603 449892 517353 308349 273269 716164 204585 243765 370230 538482 517116 634973 576826 485244 646978 360439 560854 641118 184038 373857 352597 377559 161187 536563 200910 201058 431465 612304 389539 361162 756536 483577 402746 535674 333901 494589 377523
427862 463652 104702 690164 624317 697644 701876 0 567220 649204 674932 600586 888315 574776 707068 260453 512862 1009862 965810 84147 698550 790323 1053563 686722 640406 165924 497720 756854 669981 1062307 708285 135901 791137 605927 362351 1077385 790133 644016 729163 681461 890986 100834 1090702 599967 64484 462234 355915 496838 836176 841495 331814
600967 213562 462655 612704 162228 155974 369439 567220 0 277035 251313 85064 567266 479283 633959 417794 688039 596403 612022 622617 532890 600259 712434 193255 158440 428256 727714 777611 281834 649965 219353 583281 549960 39080 387024 643462 332607 767728 238491 521099 781432 519272 663973 607092 631676 147616 468421 694418 687176 816143 381670
825591 468559 553956 883783 434614 385171 644564 649204 277035 0 53307 196111 835870 745868 905308 604410 920494 839326 872267 725326 808551 877282 971321 135722 132835 483591 949851 1042940 21926 889945 131711 717663 826464 271349 611444 874479 582030 1016105 486651 796191 1057751 643343 896996 866873 708841 227329 687714 922043 963977 1087540 595230
823532 454253 576597 863543 402293 343712 612503 674932 251313 53307 0 166709 798775 728261 884882 609697 916565 794833 831853 748447 783951 849136 930181 85934 95401 510677 949076 1026433 40592 844715 78779 734976 795759 239073 607797 827836 540518 1007095 446090 772333 1031916 661660 850581 852867 736075 231998 686163 919570 936971 1067149 594158
677281 295017 496374 697763 238503 199590 448533 600586 85064 196111 166709 0 640803 564095 719011 481265 766648 654750 680148 663449 617246 682992 779935 111291 73432 448984 803949 862446 198844 707011 137692 633259 630848 75527 461632 695975 392948 849985 296922 605678 865282 564916 717579 691140 664760 143027 542393 771885 770525 901177 452947
586831 467313 812354 324218 405038 457932 208794 888315 567266 835870 798775 640803 0 342951 329321 629174 599394 177635 83330 891680 234023 184663 165930 719024 704603 836621 662752 468146 835706 210448 738711 810800 126848 565285 527452 248039 269324 571272 355967 245910 332857 793374 248166 419985 938466 689893 557697 622462 248308 437455 556841
247443 278503 517379 143089 363303 468478 235745 574776 479283 745868 728261 564095 342951 0 164656 317205 281884 502555 426148 563945 124466 215609 498638 671546 637517 563664 342223 298353 754709 546282 697172 479403 226119 501194 219941 575850 394349 310040 408606 107706 341799 474959 581630 135157 617071 537120 223634 300923 268397 344038 252667
311150 440982 662823 21699 502317 600890 326603 707068 633959 905308 884882 719011 329321 164656 0 460706 289373 506718 406545 682314 122867 146621 449427 823554 792280 716797 351251 158707 913091 538076 848551 595530 205522 652227 372335 577280 483934 242037 524422 125740 185222 606270 576297 117093 741215 700606 352132 314352 138741 182309 404475
238512 243689 202185 442005 414964 508635 449892 260453 417794 604410 609697 481265 629174 317205 460706 0 337353 757921 707812 266272 439760 531910 793931 588275 542928 260705 353347 537842 620734 809144 613926 194305 530716 455289 101997 827436 557385 456142 512920 422587 645914 164247 839248 364475 309378 378373 115162 332286 583080 613546 72780
98864 475233 508257 285158 612485 720233 517353 512862 688039 920494 916565 766648 599394 281884 289373 337353 0 770939 681324 462143 365774 429010 735168 877934 836736 583802 63379 261645 934259 809439 904335 380366 472851 718902 309129 843896 674134 131282 677395 355469 438680 421021 846598 180259 527098 693989 234421 25289 424924 353441 326464
749898 558180 924109 500902 444142 455868 308349 1009862 596403 839326 794833 654750 177635 502555 506718 757921 770939 0 111535 1024140 405681 362250 163026 709811 706893 934844 834055 644661 834535 54678 724627 947886 302407 582758 659426 73330 263799 748484 358905 415470 495959 920637 81409 593285 1064871 736523 702906 793242 420243 608445 685358
670127 533943 887166 403141 451350 488145 273269 965810 612022 872267 831853 680148 83330 426148 406545 707812 681324 111535 0 971627 316663 260078 100522 749312 739655 907620 744702 537875 870167 131944 767048 891553 208514 605297 606516 174184 291726 648387 385845 328941 384503 872045 170367 501469 1017173 742524 639495 704619 310852 498077 635193
386152 494924 171850 667123 662236 743596 716164 84147 622617 725326 748447 663449 891680 563945 682314 266272 462143 1024140 971627 0 688365 778460 1055001 754830 708148 245302 438924 715538 745710 1075188 777361 86820 786815 661672 365627 1093704 818425 593025 765195 671651 863024 108305 1105485 570149 65495 529199 340356 443571 816113 803331 338785
355580 357955 638005 107946 390829 484860 204585 698550 532890 808551 783951 617246 234023 124466 122867 439760 365774 405681 316663 688365 0 92280 380124 717844 689695 679697 429067 281458 814527 443703 742090 603639 108762 547131 340265 478400 361069 350859 404077 17210 249821 599034 480824 187673 741475 615973 348016 388596 160677 292532 372720
433539 440113 730274 145035 448708 532887 243765 790323 600259 877282 849136 682992 184663 215609 146621 531910 429010 362250 260078 778460 92280 0 306164 778538 753964 771309 492033 284977 881684 391805 801719 693193 70975 610262 432545 431800 381472 388310 442272 109490 187842 690568 430111 249297 832451 694256 438258 453299 90176 265987 464995
735302 630703 978270 450582 551870 586577 370230 1053563 712434 971321 930181 779935 165930 498638 449427 793931 735168 163026 100522 1055001 380124 306164 0 847035 838579 1002058 798149 560870 968787 145592 864161 973082 272829 705260 692024 192813 389665 686005 484671 394721 383820 957974 176952 555377 1102952 842928 718403 759457 331255 506076 721849
788339 405804 584422 802552 329833 261699 538482 686722 193255 135722 85934 111291 719024 671546 823554 588275 877934 709811 749312 754830 717844 778538 847035 0 46813 527474 914955 969630 126444 759363 26402 731539 722461 171332 572513 742057 457618 960630 364286 707204 963458 660808 764852 800238 749872 225669 653051 883085 867410 1005205 563028
746080 367344 537893 771060 306892 252336 517116 640406 158440 132835 95401 73432 704603 637517 792280 542928 836736 706893 739655 708148 689695 753964 838579 46813 0 481879 872512 935869 131103 757818 71240 684767 700361 143747 530004 743320 449208 922184 353915 678350 937168 613996 765634 764294 703689 178952 610101 841263 841982 974398 519469
487535 376780 84558 697177 515240 571812 634973 165924 428256 483591 510677 448984 836621 563664 716797 260705 583802 934844 907620 245302 679697 771309 1002058 527474 481879 0 585545 798376 504500 989003 547874 259467 757235 465431 345023 997476 693847 709466 620276 662619 901287 186869 1013426 624779 225498 306887 375723 573709 832040 874036 312549
126762 517092 506098 347820 661907 769307 576826 497720 727714 949851 949076 803949 662752 342223 351251 353347 63379 834055 744702 438924 429067 492033 798149 914955 872512 585545 0 308527 964604 872756 941310 362287 536227 760123 342517 907058 732051 164252 731265 418607 493841 412359 909878 243568 504418 722551 262931 41335 485408 400951 355018
329942 574445 732961 176002 654820 755930 485244 756854 777611 1042940 1026433 862446 468146 298353 158707 537842 261645 644661 537875 715538 281458 284977 560870 969630 935869 798376 308527 0 1052327 669292 995146 630608 352814 798910 467933 711913 642473 150002 682250 284229 198677 659107 707723 180878 779157 829393 422698 284992 230164 92431 496858
839904 478411 574189 891634 436717 382212 646978 669981 281834 21926 40592 198844 835706 754709 913091 620734 934259 834535 870167 745710 814527 881684 968787 126444 131103 504500 964604 1052327 0 884626 118647 736952 829629 273129 625130 868079 579165 1028219 484323 802484 1063261 662804 890778 877147 729851 242706 702110 936266 968932 1095393 609704
792919 612262 977401 534055 498564 507723 360439 1062307 649965 889945 844715 707011 210448 546282 538076 809144 809439 54678 131944 1075188 443703 391805 145592 759363 757818 989003 872756 669292 884626 0 773468 998103 337292 635575 709961 47748 317430 780046 412005 454726 509451 972303 38453 630336 1116794 790694 751136 832289 441082 626474 736460
814704 432111 606526 827606 353104 280808 560854 708285 219353 131711 78779 137692 738711 697172 848551 613926 904335 724627 767048 777361 742090 801719 864161 26402 71240 547874 941310 995146 118647 773468 0 755458 744891 196420 598852 754835 475372 986882 383164 731641 987080 684320 777833 826174 771145 248659 679349 909474 890809 1030049 589231
300752 433958 175351 580426 604403 692431 641118 135901 583281 717663 734976 633259 810800 479403 595530 194305 380366 947886 891553 86820 603639 693193 973082 731539 684767 259467 362287 630608 736952 998103 755458 0 703488 622205 288584 1018353 751636 511631 704775 587057 776238 75140 1029295 483368 148608 507412 255876 363141 729572 717722 264542
464121 407238 723337 198585 393535 471492 184038 791137 549960 826464 795759 630848 126848 226119 205522 530716 472851 302407 208514 786815 108762 70975 272829 722461 700361 757235 536227 352814 829629 337292 744891 703488 0 556772 429039 374073 312421 446449 377656 122337 253982 693251 374936 293201 837361 653526 447824 496106 157120 336962 460402
633505 243674 501311 631240 163588 131602 373857 605927 39080 271349 239073 75527 565285 501194 652227 455289 718902 582758 605297 661672 547131 610262 705260 171332 143747 465431 760123 798910 273129 635575 196420 622205 556772 0 421002 626434 319776 794867 223960 536216 793858 558344 647581 631309 670397 176452 502470 726089 698427 833883 417094
216132 183296 297844 352421 347644 449633 352597 362351 387024 611444 607797 461632 527452 219941 372335 101997 309129 659426 606516 365627 340265 432545 692024 572513 530004 345023 342517 467933 625130 709961 598852 288584 429039 421002 0 729772 470958 410000 437471 323055 556382 265966 740832 288204 411021 385368 81469 311822 488042 536040 32732
823212 621736 989833 572189 497477 496438 377559 1077385 643462 874479 827836 695975 248039 575850 577280 827436 843896 73330 174184 1093704 478400 431800 192813 742057 743320 997476 907058 711913 868079 47748 754835 1018353 374073 626434 729772 0 313492 819281 405048 488451 555483 989462 23857 665874 1133243 786840 774907 866298 484921 671420 755077
621948 326493 695700 468162 184419 196969 161187 790133 332607 582030 540518 392948 269324 394349 483934 557385 674134 263799 291726 818425 361069 381472 389665 457618 449208 693847 732051 642473 579165 317430 475372 751636 312421 319776 470958 313492 0 697723 96026 359665 566165 710772 332952 522151 849855 473846 534602 691258 469540 643877 489310
222153 554969 636161 247979 669742 776409 536563 644016 767728 1016105 1007095 849985 571272 310040 242037 456142 131282 748484 648387 593025 350859 388310 686005 960630 922184 709466 164252 150002 1028219 780046 986882 511631 446449 794867 410000 819281 697723 0 718503 346250 345538 551334 818297 176221 658113 792839 345325 149751 357723 241125 432983
613343 270976 630611 506271 105488 102592 200910 729163 238491 486651 446090 296922 355967 408606 524422 512920 677395 358905 385845 765195 404077 442272 484671 364286 353915 620276 731265 682250 484323 412005 383164 704775 377656 223960 437471 405048 96026 718503 0 398821 629994 656890 425483 542678 790926 382380 509504 691743 532315 695344 450287
341891 343151 620796 108664 381453 477255 201058 681461 521099 796191 772333 605678 245910 107706 125740 422587 355469 415470 328941 671651 17210 109490 394721 707204 678350 662619 418607 284229 802484 454726 731641 587057 122337 536216 323055 488451 359665 346250 398821 0 263409 582004 491546 179206 724562 601756 331335 377876 176109 300459 355510
483020 605921 848043 204193 634055 720508 431465 890986 781432 1057751 1031916 865282 332857 341799 185222 645914 438680 495959 384503 863024 249821 187842 383820 963458 937168 901287 493841 198677 1063261 509451 987080 776238 253982 793858 556382 555483 566165 345538 629994 263409 0 790308 546900 292876 923209 865062 536961 463715 97691 124615 588754
331952 386694 102312 589332 553994 636389 612304 100834 519272 643343 661660 564916 793374 474959 606270 164247 421021 920637 872045 108305 599034 690568 957974 660808 613996 186869 412359 659107 662804 972303 684320 75140 693251 558344 265966 989462 710772 551334 656890 582004 790308 0 1001840 499708 145132 435773 255134 406936 735439 742606 236875
828642 637150 1004238 572085 516381 517992 389539 1090702 663973 896996 850581 717579 248166 581630 576297 839248 846598 81409 170367 1105485 480824 430111 176952 764852 765634 1013426 909878 707723 890778 38453 777833 1029295 374936 647581 740832 23857 332952 818297 425483 491546 546900 1001840 0 667769 1145971 806711 784012 869315 479392 664455 766710
194163 398813 564214 107935 497950 603531 361162 599967 607092 866873 852867 691140 419985 135157 117093 364475 180259 593285 501469 570149 187673 249297 555377 800238 764294 624779 243568 180878 877147 630336 826174 483368 293201 631309 288204 665874 522151 176221 542678 179206 292876 499708 667769 0 630536 650362 250783 204202 255809 249334 318024
449351 523711 169181 725393 686409 761306 756536 64484 631676 708841 736075 664760 938466 617071 741215 309378 527098 1064871 1017173 65495 741475 832451 1102952 749872 703689 225498 504418 779157 729851 1116794 771145 148608 837361 670397 411021 1133243 849855 658113 790926 724562 923209 145132 1145971 630536 0 525882 394569 508785 873486 866316 381990
598540 259988 359189 678907 293220 303553 483577 462234 147616 227329 231998 143027 689893 537120 700606 378373 693989 736523 742524 529199 615973 694256 842928 225669 178952 306887 722551 829393 242706 790694 248659 507412 653526 176452 385368 786840 473846 792839 382380 601756 865062 435773 806711 650362 525882 0 460645 695040 775892 881158 368141
137896 263697 313447 334645 424230 528059 402746 355915 468421 687714 686163 542393 557697 223634 352132 115162 234421 702906 639495 340356 348016 438258 718403 653051 610101 375723 262931 422698 702110 751136 679349 255876 447824 502470 81469 774907 534602 345325 509504 331335 536961 255134 784012 250783 394569 460645 0 234403 480320 499212 92504
96527 482562 496623 309795 624097 731687 535674 496838 694418 922043 919570 771885 622462 300923 314352 332286 25289 793242 704619 443571 388596 453299 759457 883085 841263 573709 41335 284992 936266 832289 909474 363141 496106 726089 311822 866298 691258 149751 691743 377876 463715 406936 869315 204202 508785 695040 234403 0 450138 377068 326903
449709 518538 784585 150241 537705 623003 333901 836176 687176 963977 936971 770525 248308 268397 138741 583080 424924 420243 310852 816113 160677 90176 331255 867410 841982 832040 485408 230164 968932 441082 890809 729572 157120 698427 488042 484921 469540 357723 532315 176109 97691 735439 479392 255809 873486 775892 480320 450138 0 189163 520768
417180 622181 812114 203769 681675 777352 494589 841495 816143 1087540 1067149 901177 437455 344038 182309 613546 353441 608445 498077 803331 292532 265987 506076 1005205 974398 874036 400951 92431 1095393 626474 1030049 717722 336962 833883 536040 671420 643877 241125 695344 300459 124615 742606 664455 249334 866316 881158 499212 377068 189163 0 566586
230400 187316 265296 384697 356415 455289 377523 331814 381670 595230 594158 452947 556841 252667 404475 72780 326464 685358 635193 338785 372720 464995 721849 563028 519469 312549 355018 496858 609704 736460 589231 264542 460402 417094 32732 755077 489310 432983 450287 355510 588754 236875 766710 318024 381990 368141 92504 326903 520768 566586 0
