0 167012 158500 65846 71441 192023 44759 42307 30783 99179 52259 111137 14583 75703 92218 155708 144089 46241 4909 51473 82023
0 148490 242964 286370 191245 273255 207641 12883 250076 110985 280967 144916 37599 289336 5108 202971 42132 46594 194867 294496 208442
0 173496 278642 742198 264704 136460 702655 775679 519332 303985 381181 457204 153519 412770 160136 182428 81010 720308 515284 704050 785858
173496 0 380277 569392 176321 67423 535145 643142 350898 342222 303903 528135 323054 243963 326058 117816 253125 640982 389655 568383 619606
278642 380277 0 903099 529046 313067 796598 760815 712897 574240 653180 185193 307337 544674 195259 287500 241150 609705 767465 948620 979530
742198 569392 903099 0 553258 621905 224523 524241 234981 764911 554628 990394 886097 358515 894350 621453 822434 741862 409455 369348 142909
264704 176321 529046 553258 0 234813 589075 761550 318380 224419 128687 692232 367906 322823 420588 293635 338166 799966 252450 442779 561608
136460 67423 313067 621905 234813 0 567829 644659 410762 369996 363498 461924 289866 279959 273593 66384 208637 614127 456855 635721 679879
702655 535145 796598 224523 589075 567829 0 299980 314998 813485 637324 847610 855740 291182 835249 543578 776305 525654 538399 561438 366918
775679 643142 760815 524241 761550 644659 299980 0 569293 974896 845973 743443 922927 441373 866175 593516 831393 273060 790245 848394 666858
519332 350898 712897 234981 318380 410762 314998 569293 0 533110 332601 828266 657577 203357 676261 425403 600319 711393 224969 300163 269122
303985 342222 574240 764911 224419 369996 813485 974896 533110 0 223889 757453 303124 542741 403576 436227 335177 981544 398853 575669 751849
381181 303903 653180 554628 128687 363498 637324 845973 332601 223889 0 819661 459146 405748 529223 421627 447594 911003 175323 358080 529821
457204 528135 185193 990394 692232 461924 847610 743443 828266 757453 819661 0 490752 638627 377506 417589 426102 536365 916896 1089255 1085108
153519 323054 307337 886097 367906 289866 855740 922927 657577 303124 459146 490752 0 565284 113519 330538 93525 845763 617481 808032 918936
412770 243963 544674 358515 322823 279959 291182 441373 203357 542741 405748 638627 565284 0 552018 266688 488352 527327 379499 498846 446684
160136 326058 195259 894350 420588 273593 835249 866175 676261 403576 529223 377506 113519 552018 0 292252 82437 762096 672751 862419 944057
182428 117816 287500 621453 293635 66384 543578 593516 425403 436227 421627 417589 330538 266688 292252 0 241431 549585 500222 672028 692335
81010 253125 241150 822434 338166 208637 776305 831393 600319 335177 447594 426102 93525 488352 82437 241431 0 752780 590390 780178 866829
720308 640982 609705 741862 799966 614127 525654 273060 711393 981544 911003 536365 845763 527327 762096 549585 752780 0 906822 1010587 877995
515284 389655 767465 409455 252450 456855 538399 790245 224969 398853 175323 916896 617481 379499 672751 500222 590390 906822 0 190659 361891
704050 568383 948620 369348 442779 635721 561438 848394 300163 575669 358080 1089255 808032 498846 862419 672028 780178 1010587 190659 0 261466
785858 619606 979530 142909 561608 679879 366918 666858 269122 751849 529821 1085108 918936 446684 944057 692335 866829 877995 361891 261466 0
